# N Mean
11.520563151464129
20.851855965960704
31.017669867732409
41.112082425906361
51.23665435548716
60.9626543142193249
70.8259420217800881
80.885785367112041
90.7688452299228768
100.7581516936692183
110.7285189174798785
120.7416934055470364
130.6918980219184589
140.681062643966201
150.7594377460700634
160.8212594621913784
170.826310975231868
180.8443987426244336
190.7696834228056429
200.7722445831039196
210.6901806369976848
220.6464751676745724
230.592789061704289
240.6269449450783174
250.5806686379856749
260.5661365050915548
270.5225526101009181
280.4798338171000749
290.5321420838900957
300.5028963716248499
310.5040544623212481
320.535719532376141
330.5448771070855605
340.5255599819681036
350.5366198911435595
360.5376266044506927
370.5360893708431653
380.5724639945486271
390.5546456960535104
400.5736313809867163
410.5737924433441138
420.5913150401412912
430.5822306407489479
440.6070569524595525
450.5902322254719052
460.5786483736528349
470.5966169946395118
480.6207932952073371
490.5919866122173044
500.6171065044948395
510.6163394367727113
520.5902207465187886
530.5710966105086845
540.5788481692219377
550.5986999808296604
560.588842459846015
570.5643454686621538
580.5384096700058074
590.5356078995281299
600.5131692264523214
610.5000818598305913
620.5228531587855177
630.541643175637405
640.5574418660229733
650.545788871901513
660.5469023893297704
670.5406146063415221
680.5514988946173857
690.5512975496580065
700.5577528886965524
710.5582749508625443
720.5382689241847346
730.5351818538504889
740.5522132499978135
750.5687494651455198
760.5765666699356736
770.5671681444709272
780.5754814111406006
790.5798416015020531
800.573370406973814
810.5794224287494398
820.5662334052154793
830.5632705157889271
840.5760914109436158
850.5868150799912089
860.5798871300966756
870.5696229620855795
880.5822422152863336
890.5762741065264356
900.5816489467311879
910.5958001095004228
920.5976492430882354
930.6016735750829123
940.6120390580904239
950.6089510654631138
960.6210652144345526
970.6166759854193047
980.6251211354559454
990.6294396651566073
1000.6404744294287985
1010.6385635139886058
1020.6288469587230946
1030.6407101641960351
1040.6514762660898339
1050.6399667782629023
1060.6494311153407215
1070.6519900935987646
1080.6486925950914538
1090.6506200891898828
1100.6432797087176992
1110.6497186869639553
1120.6432245345912657
1130.6405508726710895
1140.6321102498885955
1150.6228101549209427
1160.6159644123457915
1170.6164205392994609
1180.6133110757608202
1190.6040296487255052
1200.6133328333326304
1210.6025574674810964
1220.5925219637910046
1230.5916586323761406
1240.5972212698996168
1250.6080775397010511
1260.6175770192245005
1270.6210081848259725
1280.6173250348948119
1290.6222241636729047
1300.6182531364526204
1310.6126365559149144
1320.605698283641628
1330.6068093153581755
1340.600290127982757
1350.5918225668539607
1360.5962683240653391
1370.5873643561098758
1380.5931110721130403
1390.5851916097310301
1400.5898346279999803
1410.5801449455446349
1420.5890897846257696
1430.5790792811473363
1440.5789793565519216
1450.5717355814662914
1460.5659030577385451
1470.5715322488805347
1480.575764890679049
1490.5784086897949963
1500.5872340679668052
1510.5894270545143176
1520.5939650641928365
1530.585379942410264
1540.5777132365180346
1550.577603023440753
1560.5689946478106275
1570.5603368423676658
1580.5543471488004896
1590.5532774272368107
1600.5589383923199209
1610.5599385009712678
1620.5643014886577952
1630.555660476189806
1640.5490614573455523
1650.5578549073812811
1660.5521629249992902
1670.5588557633725497
1680.5518173685156158
1690.5603474254943067
1700.5521228684793418
1710.5583187557677184
1720.5505203118290319
1730.5416299333018064
1740.5486849761104257
1750.5500163564624876
1760.5442839726027664
1770.5383241450616202
1780.5362833953249554
1790.5430029296092419
1800.5480922769901464
1810.5454911379244805
1820.5461063243504802
1830.5471565082743807
1840.54612700299878
1850.5489163830034374
1860.5421959733666804
1870.5424645722476181
1880.5463444495076095
1890.5429928145859846
1900.5505385649527824
1910.5514829354905189
1920.5571150104853978
1930.5606710357630345
1940.5623517510118642
1950.554884627777134
1960.5583975051910929
1970.5631757697637616
1980.5693017994799703
1990.5745807554037933
2000.5791734147393953
2010.5859352504268627
2020.5891307869183906
2030.5946527979229199
2040.6013005156514319
2050.6032485180322398
2060.6027073871542296
2070.5973411872660158
2080.6016329868538567
2090.6067297010339551
2100.6001785312314419
2110.6018322868100228
2120.5977865324156456
2130.5991510985074154
2140.5948906304739194
2150.5972486270492171
2160.5942548899444802
2170.5914533979627357
2180.5873379413522091
2190.5811057265951307
2200.582551685022532
2210.5784268775778532
2220.5801159287924236
2230.5799004219984382
2240.5858579965824531
2250.5825436323303157
2260.5827904332225405
2270.5853235402494628
2280.5798609004433746
2290.5791385833564875
2300.5800015449795231
2310.5854255828297525
2320.5844226823609588
2330.5819532862004961
2340.5860605512501667
2350.5848583356585149
2360.5781839121145941
2370.5758912747849356
2380.5768137648022383
2390.5806753385153132
2400.5770128375801783
2410.5788776305421243
2420.5783403297512153
2430.5777949270332473
2440.5750780095043192
2450.5773685555058462
2460.5731827782966799
2470.5743661211529597
2480.5685121969079371
2490.5672007070364951
2500.5692837097017486
2510.5710866012527803
2520.5724430848139495
2530.570343893250121
2540.5663420173032482
2550.5673654509063266
2560.5685924360942585
2570.57101887812003
2580.5687479650824414
2590.5712675301727725
2600.5675574178369804
2610.5721366732133782
2620.5739768752639522
2630.5754423281980682
2640.5723982150103973
2650.5724922704944607
2660.5675691073878967
2670.5646249939794895
2680.5686083028947627
2690.5704289961295456
2700.5656541506185967
2710.5611086625940213
2720.5593575378163356
2730.559982863858457
2740.5607845116737316
2750.5623804580786937
2760.5598585481791221
2770.562629101177362
2780.5601201412286634
2790.5580728512442641
2800.5545413515834399
2810.5595183916446695
2820.5540262545225076
2830.5573059264368375
2840.5553239943950085
2850.55184778082148
2860.5510003794583599
2870.5556167923716557
2880.5597875367177748
2890.5623301898965759
2900.5641746589281479
2910.5600483868545935
2920.5617514998279376
2930.5603513097879763
2940.5629447423528376
2950.5672369765249333
2960.5712288067948033
2970.574644707674301
2980.5714098081487741
2990.5741173690522301
3000.5743507316542561
3010.5720833383837788
3020.575867159827014
3030.5796726440279927
3040.583101144884993
3050.5828104256541716
3060.5832868577414616
3070.5797200283362874
3080.5772590331364263
3090.58054860546026
3100.580215211461789
3110.5796067588622094
3120.5827068220985262
3130.5824040277439918
3140.5801452883494995
3150.5768472516091849
3160.578352593586579
3170.5802588972353264
3180.576601399443164
3190.5773309451474885
3200.5770182395508832
3210.5799384344693546
3220.5817794826997181
3230.5785375107077837
3240.5757207178552888
3250.5754741200991393
3260.5717572557768381
3270.5682189013601165
3280.566734477312419
3290.5649341323968683
3300.5686636831507809
3310.5721585178342389
3320.5730444450616562
3330.5758595767402453
3340.5784898858958194
3350.5782204332826854
3360.5765141673268419
3370.5753464145426878
3380.5765332402122328
3390.577271043571189
3400.5749164768514823
3410.5716284225363348
3420.5676693775344476
3430.5640421923115104
3440.5651398084556991
3450.563764895647898
3460.5617447906350932
3470.5601090922787416
3480.5564117837911786
3490.5556254553618116
3500.5591907653182172
3510.55973640671115
3520.5575677918310765
3530.5587538318070601
3540.5608063165294765
3550.5605287792869279
3560.5574705983070769
3570.5605284111257446
3580.5614123986877693
3590.5613893673938627
3600.5587842046324094
3610.5590997105423516
3620.5583248442909936
3630.560890938743656
3640.5598532304799548
3650.5575878270015322
3660.5560043640581029
3670.5577266415518756
3680.5587001083952743
3690.5624828557490873
3700.5610024393329386
3710.5640527853153121
3720.5609457182471029
3730.5600648016128345
3740.5559368894290047
3750.5580539803421378
3760.560088833332787
3770.5582876274249493
3780.555075235398529
3790.5578233335727625
3800.559415949452887
3810.5557101001896113
3820.5551645641584176
3830.5588309787124226
3840.5603020628431067
3850.5578925737407069
3860.5575396964314564
3870.5602218771521893
3880.5569268685296156
3890.5536922953182377
3900.5526538222485331
3910.5509981585212076
3920.5520705094622892
3930.554297520699495
3940.5513554113425794
3950.5478191314611592
3960.544315211650752
3970.5438840570248764
3980.5458908937219352
3990.5472200627262975
4000.5466712143338154
4010.5437052857265774
4020.5442654967701829
4030.5447410278989789
4040.5448523066860935
4050.5454455991883909
4060.5443133453074562
4070.5427618539463138
4080.5455153052263338
4090.545232270164575
4100.5427059982943164
4110.5434030331992317
4120.5434851650276531
4130.5442437388194244
4140.5448339439941596
4150.5428005335990098
4160.5450760729399939
4170.5418751006119192
4180.5388957636821422
4190.5418367843712992
4200.539377526558114
4210.5391538271175924
4220.5371095591289399
4230.5393393432214452
4240.5377665758737122
4250.5366696643337223
4260.5392475127471179
4270.5380613426337115
4280.5401797179933433
4290.5411989684164301
4300.5378682317442711
4310.5360922189116686
4320.5379410146867015
4330.5387261216381043
4340.54096018873702
4350.5395429691082503
4360.5375326138886526
4370.5353736416937116
4380.5360630306659742
4390.533313907747733
4400.534428684618905
4410.5362707665469875
4420.5376782657488554
4430.5355639966978992
4440.5348162466029388
4450.5334952530005399
4460.5329762629852522
4470.5310970942850255
4480.5302626023461489
4490.5304146632989355
4500.5280452335694397
4510.5283515483697331
4520.5250670051893773
4530.5242183893300897
4540.5233864136680419
4550.5220519908218081
4560.5235655241584051
4570.5219413863064255
4580.5228737782423376
4590.5231658815304135
4600.5258519832590394
4610.5270062286179986
4620.5289593664096518
4630.5301787731107697
4640.5288978951880877
4650.5297769688133376
4660.5265328429529065
4670.5266877608732364
4680.528835284665449
4690.5295314574687149
4700.5303794279449625
4710.5304328572386996
4720.5297372942845995
4730.5288001393150353
4740.5301246151845613
4750.5319679109396169
4760.5330214176124668
4770.5307690192658068
4780.5277730128477253
4790.5249815906736954
4800.5260903068939649
4810.524087726705929
4820.5247781567363859
4830.5259709626409667
4840.5263377442416688
4850.5231976178385924
4860.5200987079786026
4870.5188576766474162
4880.5173532776472235
4890.5182709689408584
4900.5204227947943669
4910.518433102014449
4920.5174282855725029
4930.5184112333208787
4940.5206756403564274
4950.5215629922538151
4960.5203898585094607
4970.5226728620672574
4980.5207373630267876
4990.5186345177086693
5000.5186180145827212
5010.520550657110936
5020.5215594449971251
5030.5239271401343774
5040.522041044446615
5050.5213707926280103
5060.522550297378694
5070.5246888017245315
5080.524920105822916
5090.5262795518780711
5100.5287720503912567
5110.5271489282940328
5120.5295953705910084
5130.5298385156650843
5140.5323101529251887
5150.5322148334832549
5160.5324580319306549
5170.5349433887250622
5180.5366113302333538
5190.5383566189937808
5200.5388280328293253
5210.5396586944307664
5220.5424292713344367
5230.5448482502153534
5240.5437581280800282
5250.5458136900182218
5260.5462350899501647
5270.5469316322962915
5280.5483161761221811
5290.549786777671157
5300.5513621431012959
5310.5499252157615639
5320.5504199734675608
5330.5501596970262064
5340.5481947234799806
5350.5497615954552535
5360.5517121456646166
5370.5536997655419926
5380.5545167608282944
5390.5539285067079835
5400.5544507542257749
5410.5548874386389954
5420.55559208256898
5430.5557027224708122
5440.5536610369772502
5450.5539975571223367
5460.5513325253136752
5470.5523405664855234
5480.5523444194833448
5490.5540666104854028
5500.5540503934539925
5510.5518433034865107
5520.551694004033449
5530.5516566678235503
5540.5491184771704903
5550.5507291722687442
5560.5500155860311998
5570.5506672081393099
5580.5503190001707151
5590.5483183328987875
5600.5477663956871504
5610.5463284834262253
5620.5457483610754024
5630.543095823684032
5640.5441768421660352
5650.5444900929685826
5660.546070218316668
5670.5464264379559873
5680.5460634117719467
5690.5458630969325587
5700.5483887661375745
5710.545985580435651
5720.5436722862214948
5730.5443330658135727
5740.5447642613104133
5750.5432391184279802
5760.5417046121583735
5770.5423095079268916
5780.5444344709782689
5790.5455905695023585
5800.5453198215356468
5810.5449245815561289
5820.5466545381819734
5830.5489038215737762
5840.5511261309090868
5850.5530853313414233
5860.5543617062212288
5870.5534185136998848
5880.5535151275927039
5890.5519937235943646
5900.5517914523556494
5910.553987170673925
5920.5537245332063661
5930.5555782075433134
5940.5578446260292513
5950.5561529477267078
5960.5558475182157981
5970.5571621317979798
5980.558403236579628
5990.5603330217016076
6000.5590203934880074
6010.5602280755847296
6020.5624378532936947
6030.5614977198445837
6040.5609110287930252
6050.5611117602098712
6060.5612804610821125
6070.561783293653374
6080.5601571418631235
6090.5599497945678049
6100.5591635085879675
6110.559822225847219
6120.5617662549429749
6130.5602496292143039
6140.5606720671279559
6150.5623560158065252
6160.56035435517323
6170.5596417346933772
6180.5580840752509014
6190.5587003538850215
6200.5590541850750052
6210.5598120074694025
6220.5601805115198227
6230.5579596463009416
6240.5581594149857397
6250.5583717236235611
6260.5570450555605407
6270.5546522121941594
6280.5538192057081901
6290.5513921804304337
6300.5533281877463931
6310.5537258930471864
6320.5549257850534638
6330.5566740714032523
6340.5586348656398776
6350.5569979508346508
6360.5566629612563846
6370.5565161781222534
6380.5578158295633716
6390.5583779762843029
6400.5604696431085914
6410.5587622164313949
6420.5577028786148804
6430.5593963621238492
6440.5586800383126169
6450.5604468814259705
6460.561503330956167
6470.5612960876214387
6480.56015050934445
6490.5621224214674574
6500.5602837368832938
6510.561876291904683
6520.562348235274725
6530.5632573481894526
6540.5651080533695368
6550.5635616268352169
6560.5624690805760459
6570.5608542053425015
6580.5594075134471928
6590.5598915315145333
6600.5583291448882033
6610.5565465103690294
6620.5552264335442597
6630.557165419314406
6640.5548829394220451
6650.5532702933002049
6660.5514785480602227
6670.551229769654197
6680.551820197204435
6690.5536047137422873
6700.5517374991457804
6710.5521710946994307
6720.5501763027469855
6730.5496281035932926
6740.5495385854709435
6750.5491833501300184
6760.5481927417995561
6770.5469874440504664
6780.5487428779458646
6790.548963423755768
6800.5475269005464876
6810.5454074029913453
6820.5450410146272494
6830.5463538550313342
6840.5473974137746852
6850.5466992410147886
6860.5488088772310994
6870.5467101733558076
6880.5467449625302656
6890.5453749997722194
6900.5460126805495453
6910.5468134747671531
6920.5459984962630831
6930.5476175899026726
6940.5481831776444135
6950.5474296005861258
6960.5454225230788182
6970.5465052790659974
6980.5477423638715987
6990.5485269084564937
7000.5492372488812322
7010.5508967697921837
7020.5500248643408577
7030.5510311392277507
7040.5500975718137483
7050.5513429823957023
7060.5499489991894423
7070.5502649578872048
7080.5483017562466298
7090.546547257947988
7100.5450335650212736
7110.5438906849548657
7120.5422960513094252
7130.54261170315704
7140.5406950997190362
7150.5422726723975896
7160.5440802592982931
7170.5421611327615163
7180.5438790961974895
7190.5436889305800899
7200.5426156225579867
7210.542918560133524
7220.5414830932923512
7230.5417766927566957
7240.541621012244079
7250.5428693239304659
7260.5445708849555587
7270.5446190235692681
7280.544896676599558
7290.5457791133945196
7300.5445872333548536
7310.5435584076394486
7320.5440463804516732
7330.5441425324938942
7340.5421068502205012
7350.5438108602010964
7360.5431299186221465
7370.5418734907578011
7380.5419087380373548
7390.5414500740541571
7400.5406123105034166
7410.5412858583494933
7420.5418170120358907
7430.5415319508836316
7440.5405447669196859
7450.5413085440675504
7460.5405811547851476
7470.5393803392815695
7480.5403672977511237
7490.5393445577244711
7500.5400263943039005
7510.5380403836960084
7520.5393666180710214
7530.5407183669090457
7540.5410652761489412
7550.5403015243049439
7560.5409147239772666
7570.540967003814207
7580.5422902667279748
7590.5412472372674653
7600.5402307062437853
7610.5384954582401688
7620.538501562024099
7630.5399837856215191
7640.5403689283161091
7650.5404378555802952
7660.541643540300708
7670.5433843840061598
7680.544252686719717
7690.5435864001758487
7700.5429841148728105
7710.5411537151299499
7720.539250134666743
7730.5372785673632878
7740.5371810013706152
7750.5363312925678689
7760.5370896122310219
7770.5382779636032211
7780.5382573346708924
7790.538082951217253
7800.5364120418518695
7810.5351784165039811
7820.535070701204184
7830.536648059542268
7840.5348541004572107
7850.5332214620946574
7860.5322053723368499
7870.532970123597966
7880.533351790378164
7890.5317614524987382
7900.5334740272690391
7910.5348253966493081
7920.5335166299621242
7930.5333833707329596
7940.5343134236319361
7950.5353174507527615
7960.5334149669518863
7970.533668947824644
7980.534515710603903
7990.5353876323844666
8000.536928042915267
8010.5353703454348644
8020.5364022117470385
8030.538024756507701
8040.5364904483157867
8050.5356062236786693
8060.5345917771651737
8070.5357003726350847
8080.5341526348519546
8090.5350253645839704
8100.5341569887564249
8110.532906365946718
8120.5344830103645223
8130.5354031862407427
8140.5338732611576595
8150.5356026507391363
8160.5368284060489957
8170.536201466850734
8180.5368630669933362
8190.5366587684116368
8200.5363740556281803
8210.536892584066074
8220.5362053056599673
8230.5365276278479588
8240.5351361234002993
8250.5335708615602621
8260.5330871092456226
8270.5317301336700325
8280.5322710789546176
8290.5308369486952567
8300.5321757590256284
8310.5324346917884546
8320.5313531470344471
8330.5319217226674253
8340.5319873495461134
8350.5312748262851753
8360.5328279260919413
8370.5337500156345966
8380.5323568279644434
8390.5306672423616378
8400.5306840764301954
8410.530288375616745
8420.5292247271864337
8430.5290215537161732
8440.5277792126438235
8450.5270655574405831
8460.5267986658365412
8470.5250153199156489
8480.5255157259633565
8490.5241649013673108
8500.5240021746607836
8510.5225081109219953
8520.5234684905418749
8530.5244466012623012
8540.525066722805705
8550.5264767962426958
8560.5277327719968892
8570.526169515375656
8580.5245557371738994
8590.5246217082246185
8600.5234667980308045
8610.5249303642830012
8620.5235424795834606
8630.5231258468122152
8640.5234330784583592
8650.5238860209026526
8660.5245524560125325
8670.5246605157562575
8680.524309345996941
8690.5253944647864783
8700.5256331317936578
8710.5270556575029873
8720.5260672648510645
8730.5270313701143784
8740.5265686368705172
8750.5261333160913237
8760.5247250266029009
8770.5257502862952553
8780.5253359552469885
8790.5261510808640052
8800.5276015267047487
8810.5287595440714131
8820.5298543578599452
8830.5305490810859029
8840.5309733601364864
8850.5309930689990314
8860.5313801811970196
8870.5313529248509541
8880.5315838760066274
8890.5321282386838775
8900.5305061043376952
8910.5313336356392582
8920.531633844159682
8930.5303856566789439
8940.5291568415043949
8950.5281049272959405
8960.529002389115956
8970.530121498734211
8980.5308740737676471
8990.5297853104834811
9000.530307906015609
9010.5296515916231337
9020.5283068879804497
9030.5295660149658775
9040.5282132868483518
9050.528115074841781
9060.5273235146151356
9070.5263001937857391
9080.5255699173567929
9090.5260620617110957
9100.5275070516377396
9110.5265611082392613
9120.5265547297896065
9130.5274406372055146
9140.5288428329890991
9150.5276379290432737
9160.52693505346856
9170.5271052683049314
9180.5275480289329172
9190.5287370315729154
9200.527834648226756
9210.5283711884516752
9220.5287613259346177
9230.5298110579654151
9240.5307950185295628
9250.5316481080645111
9260.5300862392803176
9270.5303463634406094
9280.5306937774401858
9290.5315125047977971
9300.5323638862104555
9310.531634030095352
9320.5302377061678457
9330.5314271900031345
9340.5303423283408977
9350.5292798872707781
9360.5287992010065969
9370.5285861046415684
9380.5281677094875066
9390.5286090290106262
9400.5273041864716712
9410.5267195213890146
9420.5278677165439315
9430.5281804771886857
9440.5268927039531133
9450.5278350047312852
9460.5285975012665649
9470.5282466342608039
9480.5277953076400085
9490.5274316837652611
9500.5266834060986715
9510.5269696836431031
9520.5255807495683573
9530.526817963732745
9540.526576642324028
9550.5277463998333464
9560.5282660674958529
9570.5281131823194914
9580.527995022838567
9590.5273165037728752
9600.5264268474616348
9610.5256066463891118
9620.5258192830179028
9630.5251730600615382
9640.5239832952065598
9650.5247339130154234
9660.5246466796725687
9670.5245773421381188
9680.5235989124331568
9690.524685598750511
9700.5235262981581491
9710.5228630521560581
9720.521866004053268
9730.5203106262294519
9740.5215241835276505
9750.5208521124065447
9760.5217793646692488
9770.5222191730579023
9780.5227716905570869
9790.5217537821062171
9800.5203378990729369
9810.5217230278075879
9820.5225412046320259
9830.5213370862692025
9840.522416819956529
9850.5215024577107106
9860.5229842888060341
9870.5230707725239522
9880.5235572646195152
9890.523429809666307
9900.5244017380996018
9910.5255647751024503
9920.5261798488499919
9930.5258672830812782
9940.5249161872055064
9950.5259101987485422
9960.5248441558982727
9970.5253417490080858
9980.5247868524222918
9990.5243031707958581
10000.5243764100639967
